
Quasi-Newton Method with Limited-Memory BFGS
Line Search: Cubic Interpolation satisfying Strong Wolfe Conditions
  iter  value          gnorm          snorm          #fval     #grad     ls_#fval  ls_#grad  
  0     5.866860e+00   2.306178e+00   
  1     2.570357e+00   2.809816e+00   2.306178e+00   2         2         1         0         
  2     9.350379e-01   2.115502e+00   6.469547e-01   3         3         1         0         
  3     7.678282e-02   7.636074e-01   6.245262e-01   5         4         2         0         
  4     1.835180e-02   3.056772e-01   2.671689e-01   6         5         1         0         
  5     7.274153e-03   1.007974e-01   7.694761e-02   7         6         1         0         
  6     5.580866e-03   7.414365e-02   2.032729e-02   8         7         1         0         
  7     4.042489e-04   5.848103e-02   1.252358e-01   9         8         1         0         
  8     3.602915e-06   2.308153e-03   3.044386e-02   10        9         1         0         
  9     1.772440e-08   3.609046e-04   3.969860e-03   11        10        1         0         
  10    1.718770e-10   5.337711e-05   1.074501e-04   12        11        1         0         
  11    1.189938e-12   4.533293e-06   8.969183e-06   13        12        1         0         
  12    2.278890e-19   1.286749e-09   8.820096e-07   14        13        1         0         
  13    1.507469e-24   3.092084e-12   5.072050e-10   15        14        1         0         
  14    1.341661e-26   2.366599e-13   1.261487e-12   16        15        1         0         
Optimization Terminated with Status: Converged
body: Y = 3.3000000000000296e+02
body: S = 1.0000000000000047e+03
body: D = 9.9999999999999201e+00
