
Quasi-Newton Method with Limited-Memory BFGS
Line Search: Cubic Interpolation satisfying Strong Wolfe Conditions
  iter  value          gnorm          snorm          #fval     #grad     ls_#fval  ls_#grad  
  0     5.866860e+00   2.306178e+00   
  1     2.570357e+00   2.809826e+00   2.306178e+00   2         2         1         0         
  2     9.350385e-01   2.115514e+00   6.469541e-01   3         3         1         0         
  3     7.678367e-02   7.636168e-01   6.245239e-01   5         4         2         0         
  4     1.835354e-02   3.057219e-01   2.671804e-01   6         5         1         0         
  5     7.273565e-03   1.008064e-01   7.695784e-02   7         6         1         0         
  6     5.580384e-03   7.415247e-02   2.032672e-02   8         7         1         0         
  7     4.040299e-04   5.848654e-02   1.252610e-01   9         8         1         0         
  8     3.615270e-06   2.303589e-03   3.040719e-02   10        9         1         0         
  9     1.800339e-08   3.607040e-04   3.976484e-03   11        10        1         0         
  10    6.533075e-11   5.327271e-05   1.079970e-04   12        11        1         0         
  11    2.331171e-11   4.473229e-06   8.991784e-06   13        12        1         0         
  12    2.331171e-11   4.473229e-06   0.000000e+00   18        13        5         0         
Optimization Terminated with Status: Step Tolerance Met
body: Y = 3.2999989871640474e+02
body: S = 9.9999981238983457e+02
body: D = 9.9999927660524399e+00
