
Quasi-Newton Method with Limited-Memory BFGS
Line Search: Cubic Interpolation satisfying Strong Wolfe Conditions
  iter  value          gnorm          snorm          #fval     #grad     ls_#fval  ls_#grad  
  0     1.768699e+02   1.857900e+00   
  1     4.577458e+00   2.347441e+00   6.191743e-01   10        2         9         0         
  2     4.346901e+00   2.189959e+00   1.764156e-02   11        3         1         0         
  3     4.041487e+00   2.159667e+00   3.413827e-02   12        4         1         0         
  4     3.314222e+00   1.367185e+00   1.019718e-01   13        5         1         0         
  5     2.033591e+00   1.353429e+00   2.176418e-01   14        6         1         0         
  6     5.964922e-01   1.364417e+00   2.971113e-01   15        7         1         0         
  7     2.939156e-02   1.363242e+00   1.503172e-01   16        8         1         0         
  8     1.265787e-03   6.654919e-01   1.080480e-02   17        9         1         0         
  9     1.906312e-04   2.662700e-02   9.248838e-03   18        10        1         0         
  10    1.806823e-04   1.445293e-02   1.137088e-03   19        11        1         0         
  11    1.762450e-04   1.224664e-02   4.857104e-04   20        12        1         0         
  12    1.970974e-05   1.386355e-01   3.333295e-02   21        13        1         0         
  13    3.132341e-06   4.124486e-02   2.668148e-03   22        14        1         0         
  14    3.521656e-09   2.290617e-03   3.339370e-03   23        15        1         0         
  15    4.569812e-10   9.426280e-05   7.077768e-06   24        16        1         0         
  16    4.305640e-10   3.204400e-06   1.274542e-05   25        17        1         0         
  17    4.304623e-10   5.458322e-07   1.124969e-07   26        18        1         0         
  18    4.304618e-10   1.223681e-09   7.344622e-09   27        19        1         0         
  19    4.304618e-10   7.258531e-12   1.192882e-10   28        20        1         0         
  20    4.304618e-10   2.304964e-12   1.020272e-13   29        21        1         0         
Optimization Terminated with Status: Step Tolerance Met
body: Y = 3.2999940332192801e+02
body: S = 9.9999523135146876e+02
body: D = 1.0000088067560984e+01
