
Quasi-Newton Method with Limited-Memory BFGS
Line Search: Cubic Interpolation satisfying Strong Wolfe Conditions
  iter  value          gnorm          snorm          #fval     #grad     ls_#fval  ls_#grad  
  0     5.918865e+00   2.344835e+00   
  1     2.806497e+00   3.041278e+00   2.344835e+00   2         2         1         0         
  2     9.421649e-01   2.163751e+00   7.072486e-01   3         3         1         0         
  3     4.841386e-02   4.742742e-01   6.629982e-01   5         4         2         0         
  4     2.260499e-02   1.953225e-01   1.572082e-01   6         5         1         0         
  5     1.794347e-02   1.167446e-01   3.837975e-02   7         6         1         0         
  6     1.365267e-02   9.059687e-02   4.994090e-02   8         7         1         0         
  7     6.838019e-03   7.282821e-02   1.324557e-01   9         8         1         0         
  8     4.891947e-03   2.562767e-02   8.050966e-02   10        9         1         0         
  9     4.513590e-03   1.652778e-02   3.137952e-02   11        10        1         0         
  10    4.096696e-03   2.175940e-02   4.656562e-02   12        11        1         0         
  11    3.751620e-03   1.980964e-02   5.127922e-02   13        12        1         0         
  12    3.323522e-03   1.848715e-02   6.930523e-02   14        13        1         0         
  13    2.433517e-03   2.143163e-02   1.999605e-01   15        14        1         0         
  14    1.621175e-03   3.746379e-02   2.136133e-01   16        15        1         0         
  15    6.544204e-04   4.509170e-02   2.930112e-01   17        16        1         0         
  16    1.244663e-04   2.488608e-02   1.204307e-01   18        17        1         0         
  17    4.635174e-07   2.284408e-03   2.008164e-02   19        18        1         0         
  18    2.168280e-08   3.658165e-04   1.010083e-03   20        19        1         0         
  19    1.038477e-09   8.205511e-05   8.999835e-04   21        20        1         0         
  20    1.132962e-11   5.513419e-06   1.354941e-04   22        21        1         0         
  21    1.391869e-13   4.110099e-07   2.445087e-05   23        22        1         0         
  22    3.654726e-17   1.203910e-08   2.628843e-06   24        23        1         0         
  23    2.750774e-20   3.204565e-10   3.342131e-08   25        24        1         0         
  24    5.350562e-23   1.016516e-11   1.235396e-09   26        25        1         0         
  25    1.062825e-26   1.414006e-13   3.910112e-11   27        26        1         0         
Optimization Terminated with Status: Converged
body: E = 1.9999999999999415e+05
body: nu = 3.0000000000000127e-01
body: Y = 3.3000000000000153e+02
body: S = 1.0000000000000001e+03
body: D = 9.9999999999999396e+00
