
Quasi-Newton Method with Limited-Memory BFGS
Line Search: Cubic Interpolation satisfying Strong Wolfe Conditions
  iter  value          gnorm          snorm          #fval     #grad     ls_#fval  ls_#grad  
  0     1.768699e+02   1.857900e+00   
  1     4.577477e+00   2.347443e+00   6.191775e-01   10        2         9         0         
  2     4.346879e+00   2.189957e+00   1.764470e-02   11        3         1         0         
  3     4.041582e+00   2.159676e+00   3.412622e-02   12        4         1         0         
  4     3.314398e+00   1.367183e+00   1.019607e-01   13        5         1         0         
  5     2.033890e+00   1.353414e+00   2.176171e-01   14        6         1         0         
  6     5.967322e-01   1.364373e+00   2.970572e-01   15        7         1         0         
  7     2.950034e-02   1.363312e+00   1.507104e-01   16        8         1         0         
  8     1.276089e-03   6.684345e-01   1.094678e-02   17        9         1         0         
  9     1.900971e-04   2.729873e-02   9.301040e-03   18        10        1         0         
  10    1.804583e-04   1.495850e-02   1.128354e-03   19        11        1         0         
  11    1.759701e-04   1.273840e-02   4.929868e-04   20        12        1         0         
  12    2.095559e-05   1.473684e-01   3.451679e-02   21        13        1         0         
  13    2.827979e-06   4.471659e-02   2.859043e-03   22        14        1         0         
  14    3.641474e-07   2.758298e-03   3.723410e-03   23        15        1         0         
  15    3.571827e-07   1.166503e-04   1.216930e-05   24        16        1         0         
  16    3.571827e-07   1.166503e-04   0.000000e+00   34        17        10        0         
Optimization Terminated with Status: Step Tolerance Met
body: Y = 3.3001735571035181e+02
body: S = 1.0002631258014648e+03
body: D = 9.9957625568056478e+00
