
Quasi-Newton Method with Limited-Memory BFGS
Line Search: Cubic Interpolation satisfying Strong Wolfe Conditions
  iter  value          gnorm          snorm          #fval     #grad     ls_#fval  ls_#grad  
  0     1.753764e+02   2.730000e+00   
  1     5.443366e+00   2.523381e+00   5.839528e-01   10        2         9         0         
  2     5.125053e+00   2.507676e+00   1.963304e-02   11        3         1         0         
  3     4.099150e+00   2.607145e+00   8.928444e-02   12        4         1         0         
  4     2.605098e+00   2.554307e+00   1.695091e-01   13        5         1         0         
  5     8.472087e-01   2.460988e+00   2.751198e-01   14        6         1         0         
  6     3.989642e-01   2.537100e+00   1.002644e-01   15        7         1         0         
  7     3.481190e-01   1.640576e+00   1.826722e-02   16        8         1         0         
  8     3.283727e-01   1.746504e+00   1.460081e-02   17        9         1         0         
  9     2.863230e-01   1.736530e+00   3.104223e-02   18        10        1         0         
  10    1.952739e-01   1.716460e+00   7.461486e-02   19        11        1         0         
  11    7.669821e-02   1.570446e+00   1.142871e-01   20        12        1         0         
  12    1.013709e-02   1.104790e+00   7.839653e-02   21        13        1         0         
  13    8.187873e-03   6.784869e-02   7.122215e-03   22        14        1         0         
  14    8.162250e-03   1.214595e-01   1.557981e-03   23        15        1         0         
  15    8.137064e-03   1.461039e-01   1.240412e-03   24        16        1         0         
  16    8.039227e-03   1.827696e-01   3.200669e-03   25        17        1         0         
  17    7.699475e-03   2.453491e-01   1.047785e-02   26        18        1         0         
  18    6.871314e-03   2.801372e-01   2.709503e-02   27        19        1         0         
  19    5.077938e-03   2.259318e-01   6.332073e-02   28        20        1         0         
  20    3.191910e-03   8.194735e-01   9.302369e-02   29        21        1         0         
  21    1.250335e-03   3.935497e-01   2.471551e-02   30        22        1         0         
  22    7.385360e-04   3.617090e-01   3.891911e-02   31        23        1         0         
  23    6.998114e-04   7.300183e-02   4.089202e-03   32        24        1         0         
  24    6.558383e-04   5.883860e-02   8.531042e-03   33        25        1         0         
  25    6.308614e-04   9.520464e-02   1.153777e-02   34        26        1         0         
  26    6.235738e-04   3.501149e-02   4.874265e-03   35        27        1         0         
  27    6.227006e-04   2.724616e-03   1.762906e-03   36        28        1         0         
  28    6.226875e-04   1.576343e-03   1.040239e-04   38        29        2         0         
  29    6.226666e-04   1.203051e-03   9.120132e-05   39        30        1         0         
  30    6.225846e-04   3.443543e-03   7.794815e-05   40        31        1         0         
  31    6.220638e-04   1.687996e-02   6.721543e-04   41        32        1         0         
  32    6.210837e-04   3.323833e-02   1.497152e-03   42        33        1         0         
  33    6.178552e-04   6.265111e-02   4.559133e-03   43        34        1         0         
  34    6.094886e-04   1.099276e-01   1.241011e-02   44        35        1         0         
  35    5.888207e-04   1.793384e-01   3.150371e-02   45        36        1         0         
  36    5.328028e-04   2.752851e-01   8.438670e-02   46        37        1         0         
  37    3.808650e-04   3.025379e-01   2.298603e-01   47        38        1         0         
  38    2.647845e-04   1.998907e-01   2.030927e-01   49        39        2         0         
  39    1.010863e-04   1.445015e-01   2.487845e-01   50        40        1         0         
  40    3.348574e-05   1.538390e-01   1.407057e-01   51        41        1         0         
  41    1.029508e-05   1.753410e-02   1.174666e-02   53        42        2         0         
  42    1.953215e-06   3.466854e-02   6.249364e-02   54        43        1         0         
  43    4.109911e-07   1.933297e-02   1.231097e-02   55        44        1         0         
  44    3.841126e-07   1.557405e-02   1.455288e-03   56        45        1         0         
  45    3.841126e-07   1.557405e-02   0.000000e+00   66        46        10        0         
Optimization Terminated with Status: Step Tolerance Met
body: E = 2.0010334981769638e+05
body: nu = 2.9882890808185891e-01
body: Y = 3.3010165708885927e+02
body: S = 1.0003779355008422e+03
body: D = 9.9916711365900355e+00
