
Quasi-Newton Method with Limited-Memory BFGS
Line Search: Cubic Interpolation satisfying Strong Wolfe Conditions
  iter  value          gnorm          snorm          #fval     #grad     ls_#fval  ls_#grad  
  0     5.918865e+00   2.344835e+00   
  1     2.806497e+00   3.041282e+00   2.344835e+00   2         2         1         0         
  2     9.421655e-01   2.163763e+00   7.072478e-01   3         3         1         0         
  3     4.841440e-02   4.742870e-01   6.629960e-01   5         4         2         0         
  4     2.260554e-02   1.953496e-01   1.572185e-01   6         5         1         0         
  5     1.794274e-02   1.167553e-01   3.838511e-02   7         6         1         0         
  6     1.365194e-02   9.059581e-02   4.993624e-02   8         7         1         0         
  7     6.836589e-03   7.278696e-02   1.324905e-01   9         8         1         0         
  8     4.891877e-03   2.562384e-02   8.046553e-02   10        9         1         0         
  9     4.513215e-03   1.652520e-02   3.141663e-02   11        10        1         0         
  10    4.096569e-03   2.174876e-02   4.655029e-02   12        11        1         0         
  11    3.751322e-03   1.979043e-02   5.130549e-02   13        12        1         0         
  12    3.323198e-03   1.842078e-02   6.930376e-02   14        13        1         0         
  13    2.431032e-03   2.142581e-02   2.004538e-01   15        14        1         0         
  14    1.617266e-03   3.740199e-02   2.141467e-01   16        15        1         0         
  15    6.522874e-04   4.501391e-02   2.926240e-01   17        16        1         0         
  16    1.236258e-04   2.481457e-02   1.198884e-01   18        17        1         0         
  17    4.673380e-07   2.281236e-03   2.005056e-02   19        18        1         0         
  18    2.147794e-08   3.690444e-04   1.105640e-03   20        19        1         0         
  19    7.837736e-10   8.269166e-05   9.667160e-04   21        20        1         0         
  20    8.149516e-11   5.851328e-06   1.753215e-04   22        21        1         0         
  21    4.415970e-11   9.662491e-07   2.024443e-05   23        22        1         0         
  22    3.917021e-11   2.516001e-08   3.270780e-06   24        23        1         0         
  23    3.915046e-11   2.608422e-09   2.125839e-07   25        24        1         0         
  24    3.914123e-11   3.174808e-11   1.975298e-08   26        25        1         0         
  25    3.914117e-11   1.528595e-12   3.368302e-11   27        26        1         0         
  26    3.914117e-11   1.528595e-12   0.000000e+00   32        27        5         0         
Optimization Terminated with Status: Step Tolerance Met
body: E = 2.0000113920340847e+05
body: nu = 2.9999865013682492e-01
body: Y = 3.2999975172688067e+02
body: S = 1.0000000072057179e+03
body: D = 9.9999885826987658e+00
