
Quasi-Newton Method with Limited-Memory BFGS
Line Search: Cubic Interpolation satisfying Strong Wolfe Conditions
  iter  value          gnorm          snorm          #fval     #grad     ls_#fval  ls_#grad  
  0     1.753764e+02   2.730000e+00   
  1     5.445427e+00   2.523450e+00   5.838878e-01   10        2         9         0         
  2     5.126412e+00   2.507743e+00   1.966620e-02   11        3         1         0         
  3     4.106685e+00   2.607379e+00   8.869706e-02   12        4         1         0         
  4     2.615221e+00   2.554728e+00   1.690262e-01   13        5         1         0         
  5     8.537416e-01   2.461491e+00   2.750222e-01   14        6         1         0         
  6     3.975440e-01   2.536800e+00   1.017434e-01   15        7         1         0         
  7     3.470399e-01   1.639350e+00   1.826302e-02   16        8         1         0         
  8     3.272633e-01   1.746573e+00   1.464199e-02   17        9         1         0         
  9     2.852506e-01   1.736673e+00   3.111743e-02   18        10        1         0         
  10    1.944199e-01   1.716753e+00   7.481249e-02   19        11        1         0         
  11    7.662408e-02   1.572093e+00   1.135497e-01   20        12        1         0         
  12    1.031956e-02   1.121373e+00   7.824707e-02   21        13        1         0         
  13    8.291912e-03   6.677154e-02   7.316948e-03   22        14        1         0         
  14    8.263996e-03   1.211285e-01   1.652253e-03   23        15        1         0         
  15    8.238360e-03   1.429654e-01   1.236430e-03   24        16        1         0         
  16    8.133461e-03   1.736229e-01   3.305848e-03   25        17        1         0         
  17    7.745600e-03   2.257590e-01   1.132482e-02   26        18        1         0         
  18    6.745569e-03   2.366544e-01   3.190147e-02   27        19        1         0         
  19    4.856693e-03   3.156758e-01   6.682074e-02   28        20        1         0         
  20    2.947799e-03   8.240159e-01   8.696781e-02   29        21        1         0         
  21    1.064424e-03   3.481177e-01   2.784125e-02   30        22        1         0         
  22    7.291121e-04   2.953506e-01   3.029609e-02   31        23        1         0         
  23    6.860100e-04   2.604117e-02   9.562449e-04   32        24        1         0         
  24    6.482193e-04   3.708998e-02   9.561270e-03   33        25        1         0         
  25    6.213490e-04   2.227088e-02   1.365600e-02   34        26        1         0         
  26    6.207318e-04   2.775833e-02   5.301767e-04   36        27        2         0         
  27    6.202250e-04   1.625617e-03   1.806412e-04   37        28        1         0         
  28    6.202156e-04   1.812311e-03   1.458905e-04   38        29        1         0         
  29    6.202081e-04   2.630478e-03   7.655931e-05   39        30        1         0         
  30    6.201718e-04   5.461558e-03   2.384792e-04   40        31        1         0         
  31    6.200915e-04   9.439754e-03   3.371006e-04   41        32        1         0         
  32    6.198665e-04   1.641118e-02   6.534069e-04   42        33        1         0         
  33    6.192995e-04   2.725506e-02   1.230734e-03   43        34        1         0         
  34    6.179080e-04   4.488979e-02   2.744634e-03   44        35        1         0         
  35    6.141303e-04   7.200258e-02   6.319900e-03   45        36        1         0         
  36    6.041059e-04   1.164944e-01   1.670145e-02   46        37        1         0         
  37    5.815123e-04   1.783389e-01   3.818330e-02   47        38        1         0         
  38    5.237523e-04   2.652203e-01   9.390096e-02   48        39        1         0         
  39    3.778909e-04   3.425276e-01   2.254168e-01   49        40        1         0         
  40    2.001189e-04   2.438112e-01   2.728947e-01   51        41        2         0         
  41    1.207580e-04   1.129268e-01   1.248013e-01   53        42        2         0         
  42    4.653142e-05   2.513521e-01   1.584668e-01   54        43        1         0         
  43    2.787391e-05   6.017027e-02   9.973699e-02   55        44        1         0         
  44    1.914466e-05   7.627971e-02   3.430826e-02   56        45        1         0         
  45    1.178870e-05   9.391600e-02   5.895017e-02   57        46        1         0         
  46    5.922655e-06   7.133820e-02   4.190208e-02   58        47        1         0         
  47    8.129361e-07   1.969109e-02   3.868814e-02   59        48        1         0         
  48    1.971151e-07   6.807334e-03   7.875304e-03   60        49        1         0         
  49    3.984303e-08   1.211307e-03   1.644389e-03   61        50        1         0         
  50    1.494210e-08   6.653141e-04   2.200217e-03   62        51        1         0         
  51    9.137723e-09   1.172504e-03   2.575372e-03   63        52        1         0         
  52    1.115431e-09   1.804157e-04   3.864944e-03   64        53        1         0         
  53    8.433888e-11   8.935124e-05   9.417010e-04   65        54        1         0         
  54    7.709385e-11   1.281230e-05   7.464490e-06   66        55        1         0         
  55    7.697789e-11   9.148424e-08   4.204089e-06   67        56        1         0         
  56    7.697783e-11   1.309052e-09   1.316152e-07   68        57        1         0         
  57    7.697783e-11   9.813988e-11   1.507270e-09   69        58        1         0         
  58    7.697783e-11   2.571847e-11   1.030053e-10   70        59        1         0         
  59    7.697783e-11   2.820599e-11   3.096698e-14   74        60        4         0         
Optimization Terminated with Status: Step Tolerance Met
body: E = 2.0000428237509410e+05
body: nu = 2.9995382361913620e-01
body: Y = 3.3000303008832668e+02
body: S = 1.0000081804755049e+03
body: D = 9.9997963065716693e+00
